%YAML:1.0
---
colors: !!opencv-matrix
   rows: 5
   cols: 1
   dt: "3u"
   data: [ 0, 255, 0,
           0, 255, 255,
           0, 0, 255,
           255, 255, 0,
           255, 0, 255 ]

